       1.5600341
     0.017905134
      0.10448552
     0.035434581
      0.18199204
    -0.011086109
      0.15072519
      0.20176323
    0.0021379473
    -0.017136161
     0.042475304
    -0.019406569
   -0.0088137808
    0.0073013902
      0.47773037
     0.052510190
     0.043503347
     0.014627964
      0.14631782
    -0.017817719
    -0.020714867
     0.046518100
    -0.021096074
     0.028321679
      0.66449167
   -0.0037462288
    -0.023497837
       4.7469092
     0.036608398
    0.0034706159
      0.35411770
     0.054061182
    -0.080478837
     0.025056153
    0.0093253430
   -0.0036721569
    -0.025911321
     0.025894636
     -0.38105650
    -0.015292235
      0.20541139
    0.0070612335
    -0.077909425
     0.021131457
    0.0066131078
     0.096256866
     0.014673318
     0.010930943
    -0.010864938
     0.065624708
   -0.0085972053
    0.0052375274
     0.020527917
   0.00019613925
    -0.011735171
    -0.023708587
    -0.065077600
     0.024034677
     0.031144391
     0.018346691
      0.50424367
     -0.17080732
      0.12214709
    -0.014655528
     0.010467301
     -0.11907542
     0.016682140
     -0.28735500
    0.0016701686
     -0.12788965
     0.044339998
      0.49145783
      -1.1528536
     -0.41527938
      0.12365085
    0.0046291774
      0.30540907
    -0.037670909
     0.027387933
      0.56534037
     0.011171996
       3.0766771
    -0.010056184
     0.019867129
   -0.0021596825
     0.012358600
     0.051715782
     0.037150125
      0.10926982
    0.0077612571
     0.013322490
    -0.011291693
     0.022216066
      0.30493979
    -0.046946513
    0.0058154639
   -0.0058252181
  -0.00054743365
     0.069827912
    -0.015701987
    0.0042556412
    -0.016765650
     0.067280352
      0.57007854
    -0.018948692
    -0.024537596
     0.014843406
    0.0038783201
      0.64509771
    -0.018683296
     0.045476396
   -0.0083079973
     0.016240610
    -0.015014327
     0.013882197
       1.5095038
     0.032129518
   -0.0011979602
    -0.019253784
   0.00076157752
    0.0080465020
      0.10009173
     0.082294523
    -0.021396243
       1.2544922
      0.12805544
      0.19159996
    0.0067964179
      0.13922363
    0.0072166278
    0.0085776305
     0.025262896
    0.0055178610
    -0.012538664
   -0.0030431921
    0.0028801408
   -0.0079356255
    0.0088967343
     0.016009228
    -0.012825841
     0.041803887
    -0.027138771
    0.0021119217
     0.034572435
    -0.024786833
      0.18186954
   0.00020154793
    -0.037617099
    0.0057612782
     0.018272951
     0.023460646
      0.11940869
    0.0082508634
     0.055309380
      0.36673108
   -0.0015289245
      0.15495928
     0.027737396
     0.010041619
      0.11484100
    0.0071367895
     0.014752361
    -0.013650128
     0.018463060
     0.067934795
    0.0011920384
   -0.0035644803
     0.013679003
     0.015754434
    -0.014713744
     0.093088003
     0.039598508
   -0.0092421356
    -0.016208784
     0.075629109
   -0.0026579415
    -0.029644236
  -0.00063647718
     0.017417470
      0.34896041
    -0.074707148
     0.013286564
     0.010021639
     0.012597684
   -0.0019897465
     0.014184048
    -0.019673126
     -0.17633038
      0.15070576
    0.0050242759
     0.011917649
     0.088043385
    0.0013198188
    -0.010861654
    0.0085980570
     0.082455434
     0.079779215
    0.0023286670
    0.0075597285
    0.0013869682
     0.096323561
    -0.014242770
    -0.047962104
     0.013683755
    0.0062366270
     0.043747882
   -0.0076241719
      0.23315700
     0.019354788
   -0.0056654110
   -0.0046636085
   -0.0043657212
     -0.23260884
    -0.015858177
    0.0097544279
     0.015117866
     0.015612530
     0.019561663
   -0.0067970505
     0.038633841
    -0.016277053
    0.0021266865
    0.0043611159
    0.0053193505
     0.031655003
     0.016810474
     -0.19366873
     0.045064574
    0.0015377871
   -0.0083176199
    0.0038809206
     0.070848795
    0.0083239514
      0.35879070
      0.11904858
     0.040187123
    -0.023050072
    -0.025157452
     0.020908072
      0.15966778
      0.25626671
   -0.0094358303
   0.00075968768
    0.0016119382
     0.063442903
    0.0065129762
    -0.010210728
    -0.014122994
    0.0047790406
   -0.0080931282
    -0.025643134
      0.10506720
     0.018293471
     0.035308876
   -0.0038124436
     0.059742157
    -0.021101081
     0.018031869
     0.011326964
     0.026009433
     0.053000641
     0.010717007
    0.0096262685
   -0.0020706487
   -0.0054511352
    -0.013079552
     0.063546448
      0.28079201
    -0.022659780
    0.0035141756
     0.017821918
     0.096419744
    -0.010418002
    -0.016567490
     0.053075725
     0.017114281
     0.093189912
     0.029044278
    -0.017419040
    -0.012652340
      0.23557390
    0.0049582805
     0.049332431
     0.033435085
     0.029171985
   -0.0068830540
    0.0078838305
   0.00074811211
     0.013229746
     0.026900475
     0.075632208
     0.015596283
     0.017949816
     0.012526515
     0.011690587
     0.079906828
    -0.019601955
   -0.0017164432
     0.033062715
     0.022718078
     0.029637759
    -0.015949685
   -0.0085463297
      0.14713886
     0.023129422
     0.012939095
    -0.039137892
    0.0056007086
     0.058134612
      0.20640161
    -0.029317154
     0.033250626
    -0.020868119
    -0.012701568
    0.0017844562
      0.13953000
    -0.010807187
    0.0077798008
   -0.0018012897
    -0.011070464
    0.0067170466
    -0.013159510
    0.0060817750
     0.041433063
      0.84757646
      0.17369610
      0.19896373
    0.0047932476
  -0.00095969787
     -0.20333880
      0.33208276
     0.051922321
    -0.031934464
      0.30413991
      0.75300134
     0.024153148
      0.21365979
    -0.012218634
     0.015972558
   -0.0020985912
     0.093916316
    -0.016565382
     0.025041749
     0.014278540
      0.23507208
    0.0010725357
     0.014819869
   0.00010758886
      0.17721139
     -0.15909272
     0.018900785
     0.095422286
      0.27553286
    -0.011635662
   -0.0085078152
     0.078821218
     0.020866459
    -0.095016991
   -0.0039055875
      0.44687725
     0.020825289
    0.0050339953
    -0.049533908
      0.17929200
     0.010148988
  -0.00014017661
    0.0073254363
      0.17895845
    0.0063466639
     0.016593040
     0.015138750
     0.042076486
     0.013476042
     0.035608697
   -0.0021327976
     -0.15123517
     0.016793312
     0.014193286
     0.076200658
     0.093074512
      0.46129362
     0.016189440
     -0.13821448
   -0.0040630902
    -0.016077275
     0.047737206
    -0.066945494
     0.057609693
      0.27541680
    -0.091205888
     0.086822603
    -0.080769294
     0.029217352
     0.054329919
     0.062633466
     0.021278560
     -0.13328650
    -0.028747345
    -0.015941064
     0.023012284
  -0.00037535263
     0.020590269
    -0.022427608
    -0.016604503
    -0.017678590
     0.010188238
      0.29638071
    -0.018862283
     0.026677380
    0.0060843058
    -0.018398369
   -0.0023485949
     -0.39339230
     0.082086699
   -0.0054877033
    -0.083521933
       1.8451876
     0.012469118
   -0.0027544568
      0.11754355
    0.0067038720
   -0.0045935192
    0.0039327562
     0.075322905
     0.034432490
     0.026233522
      0.11802821
    -0.010559662
    -0.069124959
     0.077615904
      0.13595539
     0.020984688
    -0.041699601
     0.050243757
     -0.37473353
   -0.0090747103
     0.023654321
     -0.12945170
     0.020187163
     0.084529170
    0.0020955979
      0.10705419
     0.064296261
     0.045405776
     0.088174736
    -0.083411671
     0.080228987
      0.43708169
     0.010945959
      0.14586275
     0.012519038
     -0.40438270
     0.012123250
     -0.10749457
    0.0014415521
    -0.025997574
    -0.019597090
    0.0045497849
     0.018006848
    -0.060190367
   0.00079492454
      0.49339565
     0.030413745
     0.019238462
      0.18363989
     0.018152473
     0.040854000
     -0.52794147
     0.012870436
      0.67966178
     0.042666540
      0.16025098
      0.11341932
   -0.0070090413
     0.049059253
   -0.0041660525
   -0.0034169138
     -0.24984322
     0.027705753
   -0.0030701561
    -0.028168542
    -0.029906346
   -0.0054623032
    0.0044634557
     0.020557268
   8.3723349e-05
     0.024752911
     0.049615884
   -0.0011607179
      0.36269996
    0.0098143417
      0.13000358
    -0.080492431
     0.035529671
    0.0097791538
     -0.39812056
     0.012973406
      0.12729500
    -0.069263576
     -0.38374285
    -0.013554815
   -0.0085862355
      0.18987760
    0.0015290800
       1.0480139
     0.015153969
      0.19735639
   -0.0099320084
    0.0059547376
      0.15064195
   -0.0082415567
    -0.053074098
    -0.010148913
     0.017620673
     0.019274633
   -0.0022646065
     0.010902551
     -0.23209132
     0.063943627
    -0.010137024
     0.035162140
     0.026304016
   -0.0061452286
     0.015671401
     -0.10205119
     0.093107920
      0.38200251
     0.086109552
     -0.27688993
    -0.088535272
    -0.024825383
    -0.040979488
     0.012756300
      0.16559242
     0.027480987
     0.028274437
   0.00063279546
     -0.12978374
     0.082505582
    -0.011853177
   0.00082961813
     0.016884765
     -0.30535740
   -0.0025995569
    0.0011645862
      0.34373332
     0.031835797
  -0.00025611381
    -0.049065872
    -0.015214623
   -0.0056988346
   0.00011324112
     0.019898280
    -0.025249374
     0.070048207
     0.054023029
     0.071000539
    0.0034661274
     0.014024051
     0.010786117
   -0.0026450054
   -0.0058425983
      0.16685792
     -0.37739824
     0.020142097
     0.032289322
    0.0037728382
    -0.079601722
     0.094205688
       19.704305
      0.41777744
      0.52621867
      0.18688819
     0.034036916
      0.15889126
     0.067314415
       7.3579614
       1.5269214
     0.039661123
      0.12977440
       3.1963485
      0.62001663
      0.43319800
       1.3882355
       1.9273414
      0.25226881
    -0.073179879
     0.028252786
   -0.0053967490
     0.018249080
     0.017337614
     0.026399541
    -0.011846385
      0.80701472
      0.21293297
    -0.012577891
     0.015219359
     0.050392472
    0.0022367562
     0.031481241
       51.697570
       1.2536880
      0.93832845
      0.24331868
      0.66927840
      0.34390116
      0.13087345
      0.17262058
   -0.0061871903
     0.055852225
   -0.0063878417
      0.16223589
    -0.015902584
      0.23218149
     0.011936310
       4.3693504
      0.62725271
    -0.027333549
     0.040188628
     0.045486809
      0.38068909
      0.65149937
      0.18469413
     0.014803370
     0.058823621
   -0.0057558295
      0.26562207
     0.096574485
    0.0035172212
    0.0079122218
      0.61770905
       1.7099148
      0.10066581
     0.024630738
      0.54227420
     0.015508988
     0.032072198
      0.15790890
      0.26235436
    -0.045123648
     -0.69552098
      0.26236301
       7.6838824
      0.21461687
      0.80269397
     -0.13724709
      0.36407134
       26.735135
      0.31026278
     -0.12251780
     0.016450504
     -0.18227151
     0.093937339
      0.12163640
     0.090558474
      0.29436465
   -0.0049499977
       4.2220266
      0.45411520
      0.13231737
       1.4664809
      0.38182677
       1.7554520
       6.1493058
      0.16728963
   -0.0084110920
     0.069556727
     0.014160702
       11.091077
      0.28588642
       59.688406
      -5.1431534
      0.34468312
      0.18750303
     0.039180713
      0.99179539
    -0.021168773
       73.317869
      0.14758727
      0.57483463
      0.22842961
      0.27536730
     0.072111663
     0.048532265
   -0.0052268603
     0.090692983
      0.31891385
     0.062376182
       2.1020384
       6.8831105
      0.49014027
       4.3943265
      0.67951416
      0.38638377
     -0.14752787
      0.33451378
     0.049772158
     0.079064570
     -0.20168060
      0.71446724
   -0.0043298993
     0.021141699
      0.13681403
     0.015763888
    0.0017210041
      0.28311455
       12.062824
      0.25277852
     0.061786155
      0.23963945
  -0.00048801050
       2.0496923
      0.55009088
     -0.36046421
      0.27016906
       3.2008293
      0.60722950
      0.71889025
