           0       1.5121907
           1     0.013387163
           2     0.064877800
           3    -0.010721204
           4      0.20886350
           5    -0.013102206
           6      0.14489930
           7      0.19955641
           8   -0.0060941213
           9    0.0056244793
          10      0.10018864
          11   -0.0080303377
          12    -0.010001631
          13   0.00013510965
          14      0.42648929
          15     0.060668918
          16     0.018712317
          17     0.012406172
          18      0.15841236
          19    -0.011705943
          20   -0.0039374422
          21     0.038347215
          22    -0.012700779
          23   -0.0022610065
          24      0.64457907
          25    -0.012643519
          26    0.0065029053
          27       4.5550133
          28  -0.00099413806
          29    0.0098890950
          30      0.36643433
          31     0.048394884
          32     0.063521743
          33     0.044571380
          34     0.056088692
          35    0.0091849002
          36   -0.0064177895
          37    0.0043830247
          38    -0.014747955
          39    -0.010854316
          40    -0.014697660
          41    0.0063101247
          42    -0.014526837
          43     0.048301568
          44     0.039746403
          45    -0.010927234
          46   -0.0044678782
          47      0.11807171
          48   -0.0044078204
          49     0.074222900
          50     0.044512932
          51    -0.014393046
          52      0.10308375
          53    0.0035520274
          54    0.0030644712
          55   -0.0023755641
          56     0.018003654
          57    0.0019855844
          58   -0.0093422542
          59     0.020625458
          60      0.44135987
          61     0.031491861
          62     0.025111204
          63    0.0091695809
          64     0.041254264
          65     0.086111224
          66    0.0067127701
          67      0.36160571
          68     0.019923162
          69     0.013748978
          70     0.047030502
          71    -0.014581670
          72    -0.014634113
          73     0.061829707
          74     0.083835581
          75   -0.0014875681
          76     0.019853922
          77   -0.0084019006
          78     0.030259907
          79      0.54139964
          80     0.021808362
          81       2.9675655
          82    0.0086315515
          83     0.063010631
          84    -0.014434638
          85     0.055640706
          86     0.025517543
          87     0.039308354
          88     0.052881837
          89     0.012132737
          90     0.031870068
          91     0.038005256
          92   -0.0081849599
          93      0.29932316
          94   -0.0024846630
          95     0.018904246
          96    -0.013053030
          97    -0.012471985
          98     0.068806721
          99  -0.00099262266
         100     0.022948144
         101   -0.0098826154
         102     0.072681992
         103      0.56033429
         104    -0.011508346
         105    -0.012857237
         106     0.020968211
         107    0.0080524651
         108      0.62629009
         109   -0.0078325533
         110     0.036291514
         111     0.013624241
         112     0.016706274
         113   -0.0035293991
         114   -0.0053785453
         115       1.5018303
         116     0.015469179
         117     0.011728857
         118   -0.0053073637
         119    0.0056430194
         120    0.0060047429
         121      0.11530751
         122     0.086984388
         123    -0.013400114
         124       1.1392408
         125      0.12137464
         126      0.20253042
         127   -0.0074054293
         128      0.13888286
         129      0.10296023
         130    0.0017936559
         131     0.025407024
         132     0.014833371
         133   -0.0078440689
         134   -0.0044148398
         135     0.011213921
         136   -0.0026094072
         137   -0.0020136035
         138    -0.012540776
         139    -0.011645621
         140     0.062826492
         141   -0.0086028234
         142    0.0017594238
         143     0.036545802
         144    -0.011080932
         145      0.21108666
         146   -0.0088629826
         147     0.048187413
         148     0.014156063
         149     0.016678873
         150     0.026964457
         151      0.11861708
         152     0.010144427
         153     0.058204084
         154      0.37384442
         155   -0.0090866997
         156      0.16385102
         157     0.036239851
         158     0.018723222
         159      0.10292209
         160     0.020246992
         161     0.017093531
         162     0.010165550
         163   -0.0064200463
         164     0.061845668
         165  -0.00062940683
         166    -0.012606172
         167     0.015639098
         168     0.020400625
         169   -0.0066732427
         170   -0.0034696370
         171     0.017197108
         172     0.032210979
         173    -0.010461759
         174     0.040909386
         175    0.0018602471
         176    -0.011235843
         177   -0.0020368690
         178     0.017057349
         179      0.30431012
         180   -0.0094314180
         181    0.0018631513
         182     0.021714976
         183     0.023194132
         184   -0.0044143607
         185     0.011655000
         186   -0.0097258388
         187     0.048522415
         188     0.091224372
         189   -0.0089417443
         190     0.023211541
         191     0.034340646
         192    0.0037267071
         193   -0.0020759522
         194    0.0062766697
         195     0.085517187
         196     0.090635518
         197    0.0081905466
         198   -0.0055626837
         199    0.0029437213
         200     0.096307969
         201  -0.00083230832
         202   -0.0018156668
         203     0.016946129
         204    0.0072948752
         205     0.047806667
         206  -7.1065405e-05
         207      0.23147826
         208   -0.0049755210
         209   -0.0086237947
         210   -0.0015176488
         211  -0.00065044981
         212    0.0068865743
         213   -0.0078090079
         214     0.011081733
         215     0.010832080
         216     0.020317239
         217     0.035393982
         218    -0.010724952
         219     0.041485963
         220   -0.0032778603
         221    0.0035771283
         222    0.0092911941
         223     0.016069327
         224     0.011747929
         225     0.063539300
         226     0.052880056
         227    0.0074214958
         228   -0.0068962896
         229   -0.0059704061
         230     0.010764515
         231      0.36073879
         232      0.18464844
         233     0.045814784
         234   -0.0044781565
         235   -0.0085509255
         236     0.026956479
         237      0.14546504
         238      0.26564622
         239   -0.0090852593
         240     0.012172996
         241     0.022563847
         242   -0.0082866293
         243     0.013279702
         244     0.013624185
         245     0.032162245
         246     0.017801315
         247      0.12909454
         248     0.024476067
         249     0.033538580
         250  -8.3097258e-05
         251     0.070593276
         252     0.018500273
         253     0.011446780
         254     0.014915460
         255     0.031421192
         256     0.057454578
         257    0.0051795851
         258    0.0061155643
         259     0.018211320
         260     0.015077953
         261     0.055578372
         262      0.29332352
         263     0.013551505
         264     0.014616013
         265     0.026461335
         266      0.12581306
         267   -0.0093888173
         268   -0.0054012450
         269      0.10345036
         270      0.10774451
         271     0.030621221
         272   -0.0060775319
         273     0.022422330
         274     0.028929508
         275    0.0024800244
         276     0.041307389
         277     0.037297525
         278     0.038926270
         279     0.025468539
         280     0.031907910
         281     0.019741574
         282     0.089305322
         283     0.026455050
         284    0.0055423888
         285     0.052727058
         286     0.021696437
         287      0.17865800
         288     0.035026025
         289     0.037462518
         290   -0.0031968991
         291     0.093884265
         292      0.20853049
         293    0.0030921189
         294     0.019118315
         295     0.041969774
         296     0.035480890
         297     0.083772729
         298      0.10039580
         299     0.010961796
         300     0.062762729
         301      0.10467554
         302     0.014599922
         303      0.23526614
         304       19.228913
         305     0.019291887
         306     0.081373944
         307    -0.011182215
         308     0.022920275
         309      0.16399768
         310      0.14082855
         311       7.2374016
         312       1.5210307
         313   -0.0024112164
         314     0.059414019
         315       2.0220825
         316     0.035774475
         317       2.8449753
         318      0.11387566
         319      0.87543434
         320     0.096451831
         321   -0.0020565682
         322     0.032444850
         323   -0.0089647911
         324     0.020253130
         325   -0.0040474367
         326     0.012513693
         327   -0.0037027196
         328      0.81422354
         329      0.17708513
         330   -0.0053032660
         331     0.011546332
         332     0.040452098
         333   -0.0041334348
         334     0.044990263
         335       51.718206
         336       1.3259413
         337      0.53151178
         338      0.12079286
         339      0.53915415
         340      0.15842802
         341      0.15076496
         342      0.17054048
         343    -0.012306193
         344     0.057337499
         345   -0.0091308469
         346      0.13726198
         347   -0.0055864000
         348      0.21729601
         349     0.055056282
         350       3.8985167
         351      0.73076155
         352    0.0070477996
         353    -0.012563196
         354      0.14568222
         355      0.29785267
         356      0.53738019
         357   -0.0074337855
         358     0.057899385
         359     0.053239860
         360    0.0011195222
         361      0.32422514
         362   -0.0079760005
         363     0.012345036
         364    0.0020924835
         365      0.72925909
         366       1.5190733
         367      0.55522031
         368     0.083960303
         369     0.048040658
         370      0.21085560
         371       1.0738902
